0 23 35 21 29 37 47 61 45 51 67 77 86 95 109 118 127 135 149 147 158 174 179 195 197 211 222 232 231 67 80 79
23 0 38 34 42 50 60 74 48 54 80 90 99 108 122 131 140 148 162 160 171 187 192 208 210 224 235 245 244 70 83 82
35 38 0 46 54 62 72 86 38 44 92 102 111 120 134 143 152 160 174 172 183 199 204 220 222 236 247 257 256 60 73 72
21 34 46 0 30 38 48 62 56 62 68 78 87 96 110 119 128 136 150 148 159 175 180 196 198 212 223 233 232 78 91 90
29 42 54 30 0 22 32 46 64 70 52 62 71 80 94 103 112 120 134 132 143 159 164 180 182 196 207 217 216 86 99 98
37 50 62 38 22 0 30 44 72 78 50 60 69 78 92 101 110 118 132 130 141 157 162 178 180 194 205 215 214 94 107 106
47 60 72 48 32 30 0 36 82 88 42 52 61 70 84 93 102 110 124 122 133 149 154 170 172 186 197 207 206 104 117 116
61 74 86 62 46 44 36 0 96 102 28 38 47 56 70 79 88 96 110 108 119 135 140 156 158 172 183 193 192 118 131 130
45 48 38 56 64 72 82 96 0 34 102 112 121 130 144 153 162 170 184 182 193 209 214 230 232 246 257 267 266 50 63 62
51 54 44 62 70 78 88 102 34 0 108 118 127 136 150 159 168 176 190 188 199 215 220 236 238 252 263 273 272 26 39 38
67 80 92 68 52 50 42 28 102 108 0 30 39 48 62 71 80 88 102 100 111 127 132 148 150 164 175 185 184 124 137 136
77 90 102 78 62 60 52 38 112 118 30 0 31 40 54 63 72 80 94 92 103 119 124 140 142 156 167 177 176 134 147 146
86 99 111 87 71 69 61 47 121 127 39 31 0 23 37 46 55 63 77 75 86 102 107 123 125 139 150 160 159 143 156 155
95 108 120 96 80 78 70 56 130 136 48 40 23 0 32 41 50 58 72 70 81 97 102 118 120 134 145 155 154 152 165 164
109 122 134 110 94 92 84 70 144 150 62 54 37 32 0 33 42 50 64 62 73 89 94 110 112 126 137 147 146 166 179 178
118 131 143 119 103 101 93 79 153 159 71 63 46 41 33 0 23 31 45 43 54 70 75 91 93 107 118 128 127 175 188 187
127 140 152 128 112 110 102 88 162 168 80 72 55 50 42 23 0 26 40 38 49 65 70 86 88 102 113 123 122 184 197 196
135 148 160 136 120 118 110 96 170 176 88 80 63 58 50 31 26 0 32 30 41 57 62 78 80 94 105 115 114 192 205 204
149 162 174 150 134 132 124 110 184 190 102 94 77 72 64 45 40 32 0 24 35 51 56 72 74 88 99 109 108 206 219 218
147 160 172 148 132 130 122 108 182 188 100 92 75 70 62 43 38 30 24 0 23 39 44 60 62 76 87 97 96 204 217 216
158 171 183 159 143 141 133 119 193 199 111 103 86 81 73 54 49 41 35 23 0 30 35 51 53 67 78 88 87 215 228 227
174 187 199 175 159 157 149 135 209 215 127 119 102 97 89 70 65 57 51 39 30 0 21 37 39 53 64 74 73 231 244 243
179 192 204 180 164 162 154 140 214 220 132 124 107 102 94 75 70 62 56 44 35 21 0 30 32 46 57 67 66 236 249 248
195 208 220 196 180 178 170 156 230 236 148 140 123 118 110 91 86 78 72 60 51 37 30 0 26 40 51 61 60 252 265 264
197 210 222 198 182 180 172 158 232 238 150 142 125 120 112 93 88 80 74 62 53 39 32 26 0 24 35 45 44 254 267 266
211 224 236 212 196 194 186 172 246 252 164 156 139 134 126 107 102 94 88 76 67 53 46 40 24 0 27 37 36 268 281 280
222 235 247 223 207 205 197 183 257 263 175 167 150 145 137 118 113 105 99 87 78 64 57 51 35 27 0 30 29 279 292 291
232 245 257 233 217 215 207 193 267 273 185 177 160 155 147 128 123 115 109 97 88 74 67 61 45 37 30 0 15 289 302 301
231 244 256 232 216 214 206 192 266 272 184 176 159 154 146 127 122 114 108 96 87 73 66 60 44 36 29 15 0 288 301 300
67 70 60 78 86 94 104 118 50 26 124 134 143 152 166 175 184 192 206 204 215 231 236 252 254 268 279 289 288 0 25 24
80 83 73 91 99 107 117 131 63 39 137 147 156 165 179 188 197 205 219 217 228 244 249 265 267 281 292 302 301 25 0 21
79 82 72 90 98 106 116 130 62 38 136 146 155 164 178 187 196 204 218 216 227 243 248 264 266 280 291 301 300 24 21 0
